747
8135
3261
5815
4833
6025
6245
1127
1729
7767
7005
5843
1077
4745
1811
589
6709
1177
4855
5457
8649
245
3907
6333
1369
3269
569
6983
5531
9319
1937
8221
4697
4847
6035
8113
7017
9709
8097
2217
9345
3751
2329
4195
7635
6789
6139
6313
6753
5111
427
4707
6673
2151
1973
4297
8947
803
6267
7865
1049
9611
9069
8877
7931
2335
4973
701
9675
65
895
5047
8661
6063
3605
5739
7919
6043
1551
6777
2313
451
4337
2111
2637
2819
1081
4907
9175
1259
6575
8769
8173
3829
9271
5973
713
7663
4323
5731
4693
3441
8931
7139
5275
9339
8699
1905
233
5841
1155
1955
7155
4845
3417
9151
7723
7507
6675
6907
1069
1921
7877
3429
5707
7169
3631
9265
9647
1275
1061
9417
7769
9601
2023
8459
2621
5479
8337
2233
179
5
1453
1805
3573
2725
5853
1247
6497
8565
807
7537
117
3107
3691
9815
9421
1055
2181
7359
9049
367
5445
2443
237
1839
9389
3431
4227
9775
1335
5099
6003
1221
7331
4797
1759
8261
9553
7675
5099
9109
7625
2259
3045
2819
5827
5167
9739
3399
721
2619
1511
4675
3661
8631
4657
9565
3791
7173
1111
5441
6061
4385
4459
2997
6151
3279
8389
4185
9927
3433
173
2495
3547
4253
2287
2009
7805
2797
9905
6897
289
2903
655
7641
887
325
5071
5583
9413
2449
5171
6771
9549
4127
9623
4675
6487
5907
4455
5409
6619
4833
5021
8733
9337
7905
1335
199
5049
9673
5657
7059
6675
5449
339
6277
9677
2299
6973
8553
6125
2481
3653
8287
1337
1089
1437
7519
3693
9561
5797
9385
4681
9417
6773
3547
4155
5647
9003
6103
2157
8789
7843
6741
3065
593
2037
9801
1909
6055
8425
4105
6605
7873
725
2321
2085
8167
1033
8595
3061
2183
4603
4127
595
4291
5253
5049
9133
8793
2103
6919
4143
4519
3873
2721
1311
3881
9639
5359
6631
13
1009
8761
2375
2585
9409
6749
6945
3293
7095
3209
7667
7875
3391
8367
7003
9691
3225
9119
1023
5045
31
8915
4857
7549
3981
587
3575
6763
3421
253
2091
2667
8031
4709
9195
4823
4757
2593
3523
7671
3261
8181
8353
4183
115
3893
1077
1427
2001
5019
9633
4955
7327
7239
83
5069
4949
7909
545
2061
3679
9511
755
8739
9523
1317
5891
8461
5179
1767
5825
1343
4735
1023
9827
1455
8265
1297
1225
6299
2795
6209
9111
1623
3703
2597
2863
9105
8985
9697
9805
7163
3023
27
9721
3055
7321
8701
39
1907
6457
3483
6765
9415
6261
2869
3029
5795
5687
2981
6295
1925
9077
8447
5929
2201
395
7263
3715
6275
447
4313
9165
5047
6999
1861
9807
1525
5945
5719
7263
5613
6181
4563
8099
2151
2293
4345
7895
9871
1859
9533
6879
2077
7037
2181
2743
2519
4601
8521
4215
2331
4511
3859
5159
9717
2169
9229
5115
3255
7563
5367
3651
6833
3583
5317
1833
3925
4881
4705
5819
845
9265
8581
3795
3405
2275
3821
6007
9753
4231
1575
763
2725
531
7539
4371
9537
4521
8163
2573
5071
177
3041
3891
8013
7919
9403
2735
1937
7749
8347
8141
3859
6451
6539
4919
9511
4245
5145
6257
2995
1635
4015
7625
4383
9161
9985
1397
8835
1151
1129
5601
2661
3085
4439
1623
2587
8783
7183
9309
4797
5387
347
9065
4863
3875
5053
7705
2337
751
929
9967
6695
4215
5075
5253
9295
1389
7601
8033
3919
7201
8663
7645
2835
4045
5161
4457
381
6637
4621
3491
5403
1039
7431
3151
4485
2897
1107
6047
6399
7223
95
6691
7517
6673
3965
3709
2097
893
675
817
2513
9335
5147
5481
3471
4525
6089
531
5293
757
6391
519
5703
3649
307
1491
2689
5125
7849
353
1559
9725
145
6321
1279
4369
3723
2933
4251
3689
9925
6009
2191
7427
1403
155
5857
1021
6645
21
7633
9243
1911
1125
8807
4753
6365
6151
6057
9117
8163
4133
3647
5127
1807
4049
2197
9191
2431
5415
9391
4005
905
1079
9129
3173
5877
2497
7403
9113
1023
8909
2919
7593
5965
4943
1225
6243
4871
8543
5795
599
4047
2679
487
1709
9295
7147
3135
7927
2981
7543
1431
5115
2835
2505
4939
3501
1479
1521
8299
7485
7249
4865
3537
8317
1889
6283
2581
3349
8933
1199
3115
8151
4779
4641
9635
559
6447
6005
7575
4441
7989
8799
6223
8785
7605
3993
7961
8131
4935
3115
6431
7995
6795
1869
8709
4225
8141
1519
1067
3229
9171
8419
2599
8317
2639
8197
2659
7979
6887
4393
6339
5821
3233
4559
2473
7899
6977
1705
4019
839
9267
5829
1153
379
3553
7923
6069
6029
3855
3541
7311
3643
9423
1877
985
5063
7051
7139
2153
1057
1245
5185
3191
1445
8531
7149
8933
9257
8363
4855
5679
9169
5135
965
6489
6253
4335
8089
6231
627
3347
51
939
4235
5443
7763
2483
6563
1551
3791
691
8373
7565
5775
2531
5967
6443
1033
4611
8903
605
9615
235
6255
5393
9909
2697
1257
2209
2255
3149
2921
2675
4715
7963
1077
2615
2117
3673
5867
8365
9777
4075
7561
4013
1539
855
2969
6203
7809
2647
239
137
9491
3339
6173
913
87
9135
797
6627
1403
1967
8603
7047
2897
2161
2261
4887
5277
1881
6263
1213
8707
6093
8431
259
8675
971
6831
2293
1177
655
6027
2793
4811
1729
4063
2871
8163
2697
7011
763
4639
4467
3587
7603
5565
1817
2321
3819
8921
7767
8753
7529
239
9671
4395
6197
5803
3707
9821
227
1933
6755
4753
7229
1741
9053
395
2397
523
9355
1677
779
7765
5705
7785
7401
1851
6819
7859
6199
4917
6071
8029
6791
4455
8539
9705
9419
5145
4169
8971
2903
2727
5617
5371
8321
6331
9691
6915
3155
5853
1035
8129
1541
9721
3319
1835
2649
4683
289
115
419
3511
2885
9293
6163
3195
4775
1185
5897
2051
6435
2505
2985
3163
2231
5651
2941
2461
1135
615
8853
6209
1695
8317
9425
645
9455
